1.000000000000000000e+00
7.961500452842606990e-01
2.680082147071157772e-01
4.465585252464371324e-02
7.469335766942016529e-03
1.898104960311975840e-03
5.144336942689259990e-04
1.633698803960038351e-04
5.106577214284980089e-05
1.561652770108823787e-05
4.609348112051518342e-06
1.294284241549208909e-06
4.477886288985471759e-07
1.525671394664602171e-07
5.914195050982606549e-08
2.432644945995293235e-08
1.030430708419472365e-08
4.070528558919469476e-09
1.541484953871558330e-09
6.039701377440144305e-10
2.437616615145517222e-10
